a = [0.037	0.019	0.044	0.019	0.044	0.019	0.044	0.019	0.037	0.025	0.031
0.037	0.025	0.025	0.037	0.019	0.05	0.025	0.019	0.044	0.019	0.037
0.056	0.025	0.063	0.025	0.05	0.044	0.037	0.044	0.025	0.05	0.025
0.025	0.044	0.025	0.037	0.031	0.031	0.031	0.031	0.037	0.019	0.05
0.044	0.019	0.025	0.037	0.025	0.037	0.025	0.019	0.044	0.019	0.025
0.031	0.025	0.037	0.025	0.031	0.037	0.019	0.025	0.037	0.025	0.031
0.025	0.037	0.025	0.037	0.031	0.025	0.037	0.031	0.037	0.025	0.019
0.025	0.037	0.025	0.044	0.019	0.031	0.037	0.019	0.044	0.025	0.025
0.025	0.031	0.037	0.019	0.044	0.025	0.025	0.037	0.019	0.05	0.025
0.031	0.025	0.037	0.019	0.037	0.025	0.037	0.019	0.037	0.019	0.037
0.025	0.037	0.025	0.037	0.019	0.037	0.025	0.037	0.019	0.037	0.019
0.031	0.031	0.087	0.056	0.025	0.031	0.031	0.019	0.031	0.019	0.031
0.019	0.037	0.013	0.037	0.013	0.031	0.019	0.019	0.031	0.019	0.031
0.037	0.019	0.037	0.025	0.044	0.025	0.037	0.031	0.031	0.031	0.037
0.05	0.075	0.063	0.025	0.037	0.025	0.025	0.037	0.025	0.044	0.031
0.031	0.019	0.044	0.019	0.044	0.019	0.037	0.025	0.019	0.044	0.019
0.025	0.044	0.019	0.031	0.037	0.019	0.044	0.019	0.037	0.031	0.019
0.031	0.019	0.056	0.019	0.019	0.044	0.019	0.025	0.037	0.019	0.025
0.031	0.013	0.037	0.019	0.025	0.025	0.013	0.037	0.013	0.031	0.019
0.044	0.037	0.044	0.025	0.05	0.019	0.031	0.037	0.019	0.05	0.019
]';
